Dimensiones Escenario: 1280 x 720
Unidades: metros
Coordenadas Obstáculos:
(273.5,589.8)(329.1,589.8)(329.1,544.9)(273.5,544.9)
(600.5,624.0)(690.2,624.0)(690.2,523.6)(600.5,523.6)
(568.4,707.3)(215.8,688.1)(707.3,651.8)
(572.7,470.2)(523.5,382.5)(549.2,267.1)
(908.2,215.9)(884.7,207.3)(903.9,183.8)
(346.2,200.9)(487.2,192.4)(401.7,254.3)
(153.9,241.5)(220.1,192.4)(145.3,307.7)(215.8,307.7)
(931.7,491.5)(961.6,423.1)(874.0,431.7)(906.0,374.0)
(1000.1,218.0)(1032.1,269.3)(1059.9,220.1)(1032.1,166.7)
(694.5,329.1)(718.0,350.5)(730.8,301.3)
(410.3,489.4)(453.0,489.4)(453.0,457.3)(410.3,457.3)
(965.9,617.6)(1000.1,617.6)(1000.1,581.3)(965.9,581.3)
(630.4,57.7)(634.7,109.0)(690.2,94.1)(673.1,44.9)
(100.4,140.9)(123.9,140.9)(123.9,125.9)(100.4,125.9)
